0,273
0,270
62,35
3,2
3,1
3,3
10,165
10,111
10,139
10,67
10,309
10,161
10,29
10,251
9,5
8,8
8,9
8,5
8,12
8,15
8,17
8,10
8,2
8,3
2,2
2,1
2,3
50,4
50,3
50,2
50,1
50,0
49,3
49,2
49,1
49,0
46,5
46,4
46,3
46,2
46,1
46,0
42,5
42,4
42,3
42,2
42,1
42,0
40,4
40,3
40,2
40,1
40,0
38,5
38,4
38,3
38,2
38,1
38,0
37,8
37,7
37,1
20,3
20,2
20,1
19,3
19,2
19,1
18,3
18,1
14,3
14,1
13,3
13,1
12,3
12,2
12,1
11,27
11,26
11,25
11,24
11,23
11,22
11,21
11,20
11,18
11,17
11,16
11,15
11,14
11,13
11,12
11,11
11,10
11,9
11,8
11,7
11,6
11,5
11,4
11,3
11,2
11,1
10,308
10,307
10,306
10,304
10,296
10,292
10,286
